VECTOR
N5184
60002579283.07
74603865761.03
105201655116.36
120005158566.14
149207731522.06
210403310232.71
60002652701.85
74603843161.04
105201823973.04
120005231984.92
149207708922.07
210403479089.40
120005134100.72
149207638223.56
210403170619.21
240010268201.45
298415276447.12
420806341238.42
120005280938.31
149207593023.66
210403508332.37
240010415039.03
298415231247.22
420806678951.58
120005085169.98
149207451626.59
210402891392.24
240010170339.97
298414903253.17
420805782784.47
120005232007.63
149207406426.84
210403229104.97
240010317177.61
298414858053.43
420806120497.20
240010317177.61
298414858053.43
420806120497.20
120005232007.63
149207406426.84
210403229104.97
240010170339.97
298414903253.17
420805782784.47
120005085169.98
149207451626.59
210402891392.24
240010415039.03
298415231247.22
420806678951.58
120005280938.31
149207593023.66
210403508332.37
240010268201.45
298415276447.12
420806341238.42
120005134100.72
149207638223.56
210403170619.21
120005231984.92
149207708922.07
210403479089.40
60002652701.85
74603843161.04
105201823973.04
120005158566.14
149207731522.06
210403310232.71
60002579283.07
74603865761.03
105201655116.36
-13565891472.87
-26886728682.17
9637141472.87
  0.00
 -0.00
  0.00
13565891472.87
26886728682.17
9637161821.71
  0.00
  0.00
  0.00
  0.00
-53773416666.67
 -0.00
 -0.00
  0.00
  0.00
  0.00
53773416666.67
 -0.00
  0.00
  0.00
  0.00
  0.00
-53773335271.32
  0.00
  0.00
 -0.00
  0.00
  0.00
53773335271.32
  0.00
  0.00
  0.00
  0.00
 -0.00
 -0.00
 -0.00
  0.00
-53773335271.32
  0.00
  0.00
 -0.00
  0.00
  0.00
53773335271.32
  0.00
  0.00
  0.00
 -0.00
  0.00
-53773416666.67
  0.00
 -0.00
 -0.00
 -0.00
 -0.00
53773416666.67
  0.00
 -0.00
  0.00
-9637161821.71
13565891472.87
-26886728682.17
  0.00
  0.00
 -0.00
-9637141472.87
-13565891472.87
26886728682.17
  0.00
19274282945.74
  0.00
  0.00
38548565891.47
  0.00
  0.00
19274323643.41
 -0.00
 -0.00
38548606589.15
  0.00
  0.00
  0.00
  0.00
  0.00
 -0.00
  0.00
  0.00
 -0.00
 -0.00
 -0.00
 -0.00
  0.00
  0.00
  0.00
 -0.00
  0.00
 -0.00
  0.00
  0.00
  0.00
  0.00
 -0.00
  0.00
 -0.00
 -0.00
 -0.00
 -0.00
 -0.00
 -0.00
  0.00
  0.00
  0.00
  0.00
  0.00
  0.00
  0.00
  0.00
 -0.00
 -0.00
 -0.00
 -0.00
  0.00
  0.00
 -0.00
 -0.00
  0.00
  0.00
  0.00
  0.00
-38548606589.15
 -0.00
 -0.00
-19274323643.41
  0.00
  0.00
-38548565891.47
 -0.00
  0.00
-19274282945.74
  0.00
  0.00
11077501691.05
-26678493047.32
33677039607.69
  0.00
  0.00
  0.00
11077578357.96
-26678369252.84
33677163993.56
  0.00
  0.00
  0.00
22155019793.79
-53356935898.54
67354038053.03
  0.00
  0.00
  0.00
22155173127.56
-53356688309.75
67354286824.59
  0.00
  0.00
  0.00
22155052617.22
-53356835506.33
67353955728.34
  0.00
  0.00
  0.00
22155205950.89
-53356587917.88
67354204499.56
-32796236771.47
-3593966333.56
-306211181207.57
22155205950.89
-53356587917.88
67354204499.56
  0.00
  0.00
  0.00
22155052617.22
-53356835506.33
67353955728.34
  0.00
  0.00
  0.00
22155173127.56
-53356688309.75
67354286824.59
  0.00
  0.00
  0.00
22155019793.79
-53356935898.54
67354038053.03
  0.00
  0.00
  0.00
11077578357.96
-26678369252.84
33677163993.56
  0.00
  0.00
  0.00
11077501691.05
-26678493047.32
33677039607.69
  0.00
  0.00
  0.00
  0.00
  0.00
  0.00
  0.00
  0.00
9637141472.87
 -0.00
 -0.00
  0.00
  0.00
  0.00
  0.00
  0.00
  0.00
  0.00
  0.00
  0.00
  0.00
 -0.00
 -0.00
  0.00
  0.00
  0.00
 -0.00
 -0.00
  0.00
  0.00
  0.00
  0.00
  0.00
  0.00
 -0.00
 -0.00
 -0.00
 -0.00
  0.00
 -0.00
 -0.00
  0.00
  0.00
  0.00
  0.00
  0.00
  0.00
  0.00
  0.00
  0.00
  0.00
 -0.00
 -0.00
 -0.00
  0.00
  0.00
  0.00
 -0.00
  0.00
  0.00
  0.00
  0.00
  0.00
 -0.00
 -0.00
-9637141472.87
  0.00
  0.00
  0.00
 -0.00
  0.00
  0.00
  0.00
  0.00
  0.00
9637141472.87
  0.00
  0.00
  0.00
 -0.00
  0.00
9637161821.71
  0.00
  0.00
  0.00
-13565891472.87
  0.00
 -0.00
  0.00
  0.00
  0.00
  0.00
  0.00
 -0.00
  0.00
  0.00
  0.00
-13565891472.87
  0.00
  0.00
  0.00
  0.00
  0.00
 -0.00
  0.00
  0.00
 -0.00
-53773335271.32
  0.00
 -0.00
53773335271.32
 -0.00
  0.00
  0.00
  0.00
  0.00
  0.00
  0.00
-13565891472.87
 -0.00
  0.00
  0.00
  0.00
 -0.00
 -0.00
  0.00
  0.00
  0.00
  0.00
 -0.00
-13565891472.87
  0.00
  0.00
  0.00
  0.00
-9637161821.71
  0.00
  0.00
  0.00
  0.00
  0.00
-9637141472.87
  0.00
  0.00
  0.00
  0.00
  0.00
  0.00
  0.00
  0.00
11077501691.05
-26678493047.32
33677039607.69
  0.00
  0.00
  0.00
-10901092019.37
-18201735258.34
11976031069.16
  0.00
  0.00
  0.00
22155019793.79
-53356935898.54
67354038053.03
  0.00
  0.00
  0.00
-10901108698.08
-18201717520.52
11976003127.76
  0.00
  0.00
  0.00
22155052617.22
-53356835506.33
67353955728.34
-27122786194.62
-64878683129.01
-95476594468.08
-27122786194.62
-64878683129.01
-95476594468.08
22155052617.22
-53356835506.33
67353955728.34
  0.00
  0.00
  0.00
-10901108698.08
-18201717520.52
11976003127.76
  0.00
  0.00
  0.00
22155019793.79
-53356935898.54
67354038053.03
  0.00
  0.00
  0.00
-10901092019.37
-18201735258.34
11976031069.16
  0.00
  0.00
  0.00
11077501691.05
-26678493047.32
33677039607.69
  0.00
  0.00
  0.00
  0.00
  0.00
  0.00
  0.00
  0.00
  0.00
  0.00
  0.00
  0.00
 -0.00
  0.00
  0.00
  0.00
  0.00
  0.00
-13565891472.87
  0.00
  0.00
  0.00
  0.00
  0.00
  0.00
  0.00
  0.00
  0.00
  0.00
  0.00
-13565891472.87
  0.00
  0.00
  0.00
  0.00
  0.00
 -0.00
  0.00
  0.00
 -0.00
-53773335271.32
 -0.00
 -0.00
53773335271.32
  0.00
  0.00
  0.00
  0.00
  0.00
  0.00
  0.00
-13565891472.87
 -0.00
  0.00
  0.00
  0.00
  0.00
 -0.00
  0.00
  0.00
  0.00
  0.00
  0.00
-13565891472.87
  0.00
  0.00
  0.00
  0.00
  0.00
  0.00
  0.00
  0.00
  0.00
  0.00
  0.00
  0.00
  0.00
  0.00
  0.00
  0.00
  0.00
  0.00
  0.00
  0.00
9637141472.87
-13565891472.87
  0.00
  0.00
  0.00
  0.00
  0.00
13565891472.87
 -0.00
  0.00
  0.00
  0.00
  0.00
-13565891472.87
  0.00
  0.00
  0.00
  0.00
 -0.00
13565891472.87
  0.00
  0.00
  0.00
  0.00
  0.00
 -0.00
53773335271.32
 -0.00
  0.00
  0.00
  0.00
 -0.00
-53773335271.32
  0.00
  0.00
  0.00
  0.00
13565891472.87
  0.00
  0.00
  0.00
  0.00
  0.00
-13565891472.87
 -0.00
 -0.00
  0.00
  0.00
  0.00
13565891472.87
 -0.00
  0.00
  0.00
  0.00
  0.00
-13565891472.87
  0.00
-9637141472.87
  0.00
  0.00
  0.00
  0.00
  0.00
  0.00
  0.00
  0.00
  0.00
  0.00
  0.00
  0.00
  0.00
  0.00
-10901092019.37
-18201735258.34
11976031069.16
  0.00
  0.00
  0.00
-10901088398.66
-18201683628.26
11976082994.94
  0.00
  0.00
  0.00
-10901108698.08
-18201717520.52
11976003127.76
  0.00
  0.00
  0.00
-10901105077.45
-18201665890.53
11976055053.44
  0.00
  0.00
  0.00
-27122782201.46
-64878726263.23
-95476446146.06
-16398162336.33
-1797075126.72
-153105778883.23
-27122782201.46
-64878726263.23
-95476446146.06
  0.00
  0.00
  0.00
-10901105077.45
-18201665890.53
11976055053.44
  0.00
  0.00
  0.00
-10901108698.08
-18201717520.52
11976003127.76
  0.00
  0.00
  0.00
-10901088398.66
-18201683628.26
11976082994.94
  0.00
  0.00
  0.00
-10901092019.37
-18201735258.34
11976031069.16
  0.00
  0.00
  0.00
  0.00
  0.00
  0.00
  0.00
  0.00
  0.00
  0.00
  0.00
  0.00
  0.00
  0.00
  0.00
-13565891472.87
  0.00
  0.00
  0.00
  0.00
  0.00
13565891472.87
 -0.00
  0.00
  0.00
  0.00
  0.00
-13565891472.87
  0.00
  0.00
  0.00
  0.00
 -0.00
13565891472.87
  0.00
 -0.00
  0.00
  0.00
  0.00
 -0.00
53773335271.32
  0.00
  0.00
  0.00
  0.00
 -0.00
-53773335271.32
  0.00
  0.00
  0.00
 -0.00
13565891472.87
  0.00
  0.00
  0.00
  0.00
  0.00
-13565891472.87
 -0.00
  0.00
  0.00
  0.00
  0.00
13565891472.87
 -0.00
  0.00
  0.00
  0.00
  0.00
-13565891472.87
  0.00
  0.00
  0.00
  0.00
  0.00
  0.00
  0.00
  0.00
  0.00
  0.00
  0.00
  0.00
  0.00
  0.00
  0.00
 -0.00
-13443364341.09
  0.00
  0.00
  0.00
  0.00
  0.00
13443364341.09
  0.00
 -0.00
  0.00
  0.00
 -0.00
-13443343992.25
  0.00
  0.00
  0.00
  0.00
  0.00
13443343992.25
  0.00
  0.00
 -0.00
  0.00
  0.00
  0.00
  0.00
  0.00
  0.00
 -0.00
  0.00
  0.00
  0.00
  0.00
  0.00
  0.00
 -0.00
  0.00
  0.00
 -0.00
-13443343992.25
  0.00
 -0.00
  0.00
  0.00
  0.00
13443343992.25
  0.00
  0.00
  0.00
  0.00
 -0.00
-13443364341.09
  0.00
 -0.00
  0.00
  0.00
  0.00
13443364341.09
  0.00
  0.00
  0.00
  0.00
  0.00
  0.00
  0.00
  0.00
  0.00
  0.00
  0.00
  0.00
-2878396088.24
27576955411.14
42875850088.81
-5756792176.49
55153910822.29
85751700177.61
-2878428804.36
27576923576.85
42875913982.85
-5756824892.60
55153878987.99
85751764071.65
-2878458090.07
27576894041.45
42875765561.61
-5756916180.14
55153788082.90
85751531123.22
-2878490806.27
27576862207.16
42875829455.51
-5756948896.35
55153756248.61
85751595017.13
  0.00
  0.00
  0.00
  0.00
  0.00
  0.00
  0.00
  0.00
  0.00
  0.00
  0.00
  0.00
-5756948896.35
55153756248.61
85751595017.13
-2878490806.27
27576862207.16
42875829455.51
-5756916180.14
55153788082.90
85751531123.22
-2878458090.07
27576894041.45
42875765561.61
-5756824892.60
55153878987.99
85751764071.65
-2878428804.36
27576923576.85
42875913982.85
-5756792176.49
55153910822.29
85751700177.61
-2878396088.24
27576955411.14
42875850088.81
  0.00
  0.00
  0.00
  0.00
  0.00
  0.00
  0.00
  0.00
  0.00
  0.00
  0.00
  0.00
 -0.00
-13443364341.09
  0.00
  0.00
  0.00
  0.00
  0.00
13443364341.09
  0.00
 -0.00
  0.00
  0.00
 -0.00
-13443343992.25
  0.00
  0.00
  0.00
  0.00
  0.00
13443343992.25
  0.00
  0.00
 -0.00
-38548606589.15
  0.00
  0.00
  0.00
  0.00
  0.00
  0.00
  0.00
  0.00
  0.00
  0.00
  0.00
38548606589.15
 -0.00
  0.00
  0.00
 -0.00
-13443343992.25
  0.00
 -0.00
  0.00
 -0.00
  0.00
13443343992.25
  0.00
  0.00
  0.00
  0.00
 -0.00
-13443364341.09
  0.00
 -0.00
  0.00
  0.00
  0.00
13443364341.09
  0.00
  0.00
  0.00
  0.00
  0.00
  0.00
  0.00
  0.00
  0.00
  0.00
  0.00
  0.00
  0.00
  0.00
13565891472.87
 -0.00
  0.00
  0.00
  0.00
  0.00
-13565891472.87
  0.00
  0.00
  0.00
  0.00
  0.00
13565891472.87
  0.00
  0.00
  0.00
  0.00
 -0.00
-13565891472.87
 -0.00
 -0.00
 -0.00
  0.00
  0.00
  0.00
  0.00
  0.00
  0.00
  0.00
  0.00
  0.00
  0.00
  0.00
  0.00
  0.00
 -0.00
-13565891472.87
 -0.00
  0.00
  0.00
  0.00
  0.00
13565891472.87
  0.00
  0.00
  0.00
  0.00
  0.00
-13565891472.87
  0.00
  0.00
  0.00
  0.00
  0.00
13565891472.87
 -0.00
  0.00
  0.00
  0.00
  0.00
  0.00
  0.00
  0.00
  0.00
  0.00
  0.00
  0.00
  0.00
  0.00
  0.00
  0.00
-10901092019.37
-18201735258.34
11976031069.16
  0.00
  0.00
  0.00
-10901088398.66
-18201683628.26
11976082994.94
  0.00
  0.00
  0.00
-10901108698.08
-18201717520.52
11976003127.76
  0.00
  0.00
  0.00
-10901105077.45
-18201665890.53
11976055053.44
-41078852199.70
-10623499627.22
-86277860603.73
  0.00
  0.00
  0.00
-32796148870.29
-3593782413.68
-306210804648.68
  0.00
  0.00
  0.00
-41078852199.70
-10623499627.22
-86277860603.73
-10901105077.45
-18201665890.53
11976055053.44
  0.00
  0.00
  0.00
-10901108698.08
-18201717520.52
11976003127.76
  0.00
  0.00
  0.00
-10901088398.66
-18201683628.26
11976082994.94
  0.00
  0.00
  0.00
-10901092019.37
-18201735258.34
11976031069.16
  0.00
  0.00
  0.00
  0.00
  0.00
  0.00
  0.00
  0.00
  0.00
  0.00
  0.00
  0.00
  0.00
  0.00
  0.00
13565891472.87
 -0.00
  0.00
  0.00
  0.00
  0.00
-13565891472.87
  0.00
  0.00
  0.00
  0.00
  0.00
13565891472.87
  0.00
  0.00
  0.00
  0.00
 -0.00
-13565891472.87
 -0.00
-9637161821.71
 -0.00
  0.00
-9637161821.71
  0.00
  0.00
 -0.00
  0.00
  0.00
  0.00
  0.00
  0.00
9637161821.71
  0.00
  0.00
9637161821.71
-13565891472.87
 -0.00
 -0.00
  0.00
  0.00
  0.00
13565891472.87
  0.00
  0.00
  0.00
  0.00
  0.00
-13565891472.87
  0.00
  0.00
  0.00
  0.00
  0.00
13565891472.87
 -0.00
  0.00
  0.00
  0.00
  0.00
  0.00
  0.00
  0.00
  0.00
  0.00
  0.00
  0.00
  0.00
  0.00
  0.00
  0.00
  0.00
  0.00
  0.00
  0.00
  0.00
13565891472.87
 -0.00
  0.00
  0.00
  0.00
  0.00
  0.00
  0.00
  0.00
  0.00
  0.00
  0.00
13565891472.87
  0.00
  0.00
-6782945736.43
-13443343992.25
-38548606589.15
6782945736.43
13443343992.25
  0.00
 -0.00
53773335271.32
  0.00
 -0.00
-53773335271.32
  0.00
6782945736.43
-13443343992.25
38548606589.15
-6782945736.43
13443343992.25
  0.00
13565891472.87
  0.00
  0.00
  0.00
  0.00
 -0.00
  0.00
  0.00
  0.00
  0.00
  0.00
  0.00
13565891472.87
 -0.00
  0.00
  0.00
  0.00
  0.00
  0.00
  0.00
  0.00
  0.00
  0.00
  0.00
  0.00
  0.00
  0.00
  0.00
  0.00
  0.00
  0.00
  0.00
  0.00
  0.00
  0.00
  0.00
  0.00
  0.00
-10901092019.37
-18201735258.34
11976031069.16
  0.00
  0.00
  0.00
  0.00
  0.00
  0.00
  0.00
  0.00
  0.00
-10901108698.08
-18201717520.52
11976003127.76
-15000657059.11
-18650937465.65
-26300421089.83
-15000657059.11
-18650937465.65
-26300421089.83
-27122782201.46
-64878726263.23
-95476446146.06
-27122782201.46
-64878726263.23
-95476446146.06
-15000657059.11
-18650937465.65
-26300421089.83
-15000657059.11
-18650937465.65
-26300421089.83
-10901108698.08
-18201717520.52
11976003127.76
  0.00
  0.00
  0.00
  0.00
  0.00
  0.00
  0.00
  0.00
  0.00
-10901092019.37
-18201735258.34
11976031069.16
  0.00
  0.00
  0.00
  0.00
  0.00
  0.00
  0.00
  0.00
  0.00
  0.00
  0.00
  0.00
  0.00
  0.00
  0.00
  0.00
  0.00
  0.00
  0.00
  0.00
  0.00
  0.00
  0.00
  0.00
13565891472.87
 -0.00
  0.00
  0.00
  0.00
  0.00
  0.00
  0.00
  0.00
  0.00
  0.00
  0.00
13565891472.87
  0.00
-9637141472.87
-6782945736.43
-13443343992.25
-19274323643.41
6782945736.43
13443343992.25
-9637141472.87
 -0.00
53773335271.32
  0.00
 -0.00
-53773335271.32
9637141472.87
6782945736.43
-13443343992.25
19274323643.41
-6782945736.43
13443343992.25
9637141472.87
13565891472.87
  0.00
  0.00
  0.00
  0.00
  0.00
  0.00
  0.00
  0.00
  0.00
  0.00
  0.00
13565891472.87
 -0.00
  0.00
  0.00
  0.00
  0.00
  0.00
  0.00
  0.00
  0.00
  0.00
  0.00
  0.00
  0.00
  0.00
  0.00
  0.00
  0.00
  0.00
  0.00
  0.00
  0.00
  0.00
  0.00
  0.00
  0.00
  0.00
  0.00
  0.00
  0.00
  0.00
  0.00
  0.00
  0.00
  0.00
  0.00
  0.00
  0.00
  0.00
 -0.00
6782945736.43
13443343992.25
-9637161821.71
  0.00
  0.00
-9637161821.71
-6782945736.43
-13443343992.25
 -0.00
  0.00
 -0.00
  0.00
-6782945736.43
13443343992.25
9637161821.71
 -0.00
  0.00
9637161821.71
6782945736.43
-13443343992.25
 -0.00
  0.00
  0.00
  0.00
  0.00
  0.00
  0.00
  0.00
  0.00
  0.00
  0.00
  0.00
  0.00
  0.00
  0.00
  0.00
  0.00
  0.00
  0.00
  0.00
  0.00
  0.00
  0.00
  0.00
  0.00
  0.00
  0.00
  0.00
  0.00
  0.00
  0.00
  0.00
  0.00
  0.00
  0.00
  0.00
  0.00
  0.00
  0.00
  0.00
  0.00
  0.00
  0.00
  0.00
  0.00
  0.00
  0.00
  0.00
  0.00
  0.00
  0.00
-15000638704.41
-18650943115.63
-26300378875.71
-20539454443.92
-5311777937.20
-43138982505.35
-15000638704.41
-18650943115.63
-26300378875.71
-16398074435.14
-1796891206.84
-153105402324.34
-15000638704.41
-18650943115.63
-26300378875.71
-20539454443.92
-5311777937.20
-43138982505.35
-15000638704.41
-18650943115.63
-26300378875.71
  0.00
  0.00
  0.00
  0.00
  0.00
  0.00
  0.00
  0.00
  0.00
  0.00
  0.00
  0.00
  0.00
  0.00
  0.00
  0.00
  0.00
  0.00
  0.00
  0.00
  0.00
  0.00
  0.00
  0.00
  0.00
  0.00
  0.00
  0.00
  0.00
  0.00
  0.00
  0.00
  0.00
  0.00
  0.00
  0.00
  0.00
  0.00
  0.00
  0.00
  0.00
  0.00
  0.00
  0.00
  0.00
  0.00
  0.00
  0.00
  0.00
  0.00
  0.00
6782945736.43
13443343992.25
  0.00
  0.00
  0.00
  0.00
-6782945736.43
-13443343992.25
  0.00
  0.00
 -0.00
  0.00
-6782945736.43
13443343992.25
  0.00
 -0.00
  0.00
  0.00
6782945736.43
-13443343992.25
  0.00
  0.00
  0.00
  0.00
  0.00
  0.00
  0.00
  0.00
  0.00
  0.00
  0.00
  0.00
  0.00
  0.00
  0.00
  0.00
  0.00
  0.00
  0.00
  0.00
  0.00
  0.00
  0.00
  0.00
  0.00
  0.00
  0.00
  0.00
  0.00
  0.00
  0.00
  0.00
  0.00
  0.00
  0.00
  0.00
  0.00
  0.00
  0.00
  0.00
  0.00
  0.00
  0.00
  0.00
  0.00
  0.00
  0.00
  0.00
  0.00
  0.00
  0.00
  0.00
-9637141472.87
  0.00
  0.00
-19274323643.41
  0.00
  0.00
-9637141472.87
  0.00
  0.00
  0.00
  0.00
  0.00
9637141472.87
  0.00
  0.00
19274323643.41
  0.00
  0.00
9637141472.87
  0.00
  0.00
  0.00
  0.00
  0.00
  0.00
  0.00
  0.00
  0.00
  0.00
  0.00
  0.00
  0.00
  0.00
  0.00
  0.00
  0.00
  0.00
  0.00
  0.00
  0.00
  0.00
  0.00
  0.00
  0.00
  0.00
  0.00
  0.00
  0.00
  0.00
  0.00
  0.00
  0.00
  0.00
  0.00
  0.00
  0.00
  0.00
  0.00
  0.00
  0.00
  0.00
  0.00
  0.00
  0.00
  0.00
  0.00
  0.00
  0.00
  0.00
  0.00
  0.00
  0.00
  0.00
  0.00
  0.00
  0.00
  0.00
  0.00
  0.00
  0.00
  0.00
  0.00
  0.00
  0.00
  0.00
  0.00
  0.00
  0.00
  0.00
  0.00
  0.00
  0.00
  0.00
  0.00
  0.00
  0.00
  0.00
  0.00
  0.00
  0.00
  0.00
  0.00
  0.00
  0.00
  0.00
  0.00
  0.00
  0.00
  0.00
  0.00
  0.00
  0.00
  0.00
  0.00
  0.00
  0.00
  0.00
  0.00
  0.00
  0.00
  0.00
  0.00
  0.00
  0.00
  0.00
  0.00
  0.00
  0.00
  0.00
  0.00
  0.00
  0.00
  0.00
  0.00
  0.00
  0.00
  0.00
  0.00
  0.00
  0.00
  0.00
  0.00
  0.00
  0.00
  0.00
  0.00
-38548565891.47
  0.00
  0.00
  0.00
  0.00
  0.00
 -0.00
  0.00
  0.00
  0.00
  0.00
  0.00
38548565891.47
  0.00
  0.00
  0.00
  0.00
  0.00
  0.00
  0.00
  0.00
  0.00
  0.00
  0.00
  0.00
  0.00
  0.00
  0.00
  0.00
  0.00
  0.00
  0.00
  0.00
  0.00
  0.00
  0.00
  0.00
  0.00
  0.00
  0.00
  0.00
  0.00
  0.00
  0.00
  0.00
  0.00
  0.00
  0.00
  0.00
  0.00
  0.00
  0.00
  0.00
  0.00
  0.00
  0.00
  0.00
  0.00
  0.00
  0.00
  0.00
  0.00
  0.00
  0.00
  0.00
  0.00
  0.00
  0.00
  0.00
  0.00
  0.00
 -0.00
  0.00
  0.00
  0.00
  0.00
  0.00
  0.00
 -0.00
  0.00
  0.00
  0.00
  0.00
 -0.00
  0.00
  0.00
  0.00
  0.00
  0.00
  0.00
  0.00
  0.00
  0.00
  0.00
  0.00
  0.00
  0.00
  0.00
  0.00
  0.00
  0.00
  0.00
  0.00
  0.00
  0.00
  0.00
  0.00
  0.00
  0.00
  0.00
  0.00
  0.00
  0.00
  0.00
  0.00
  0.00
  0.00
  0.00
  0.00
  0.00
  0.00
  0.00
  0.00
  0.00
  0.00
  0.00
  0.00
  0.00
  0.00
  0.00
  0.00
  0.00
  0.00
  0.00
  0.00
  0.00
  0.00
  0.00
  0.00
  0.00
  0.00
  0.00
-41078795511.56
-10623443380.04
-86277756196.77
  0.00
  0.00
  0.00
-32796419132.40
-3594011028.31
-306211683966.40
  0.00
  0.00
  0.00
-41078795511.56
-10623443380.04
-86277756196.77
  0.00
  0.00
  0.00
  0.00
  0.00
  0.00
  0.00
  0.00
  0.00
  0.00
  0.00
  0.00
  0.00
  0.00
  0.00
  0.00
  0.00
  0.00
  0.00
  0.00
  0.00
  0.00
  0.00
  0.00
  0.00
  0.00
  0.00
  0.00
  0.00
  0.00
  0.00
  0.00
  0.00
  0.00
  0.00
  0.00
  0.00
  0.00
  0.00
  0.00
  0.00
  0.00
  0.00
  0.00
  0.00
  0.00
  0.00
  0.00
  0.00
  0.00
  0.00
  0.00
  0.00
  0.00
  0.00
  0.00
-9637141472.87
 -0.00
  0.00
-9637141472.87
  0.00
  0.00
 -0.00
  0.00
 -0.00
 -0.00
  0.00
  0.00
9637141472.87
 -0.00
  0.00
9637141472.87
  0.00
  0.00
  0.00
  0.00
  0.00
  0.00
  0.00
  0.00
  0.00
  0.00
  0.00
  0.00
  0.00
  0.00
  0.00
  0.00
  0.00
  0.00
  0.00
  0.00
  0.00
  0.00
  0.00
  0.00
  0.00
  0.00
  0.00
  0.00
  0.00
  0.00
  0.00
  0.00
  0.00
  0.00
  0.00
  0.00
  0.00
  0.00
  0.00
  0.00
  0.00
  0.00
  0.00
  0.00
  0.00
  0.00
  0.00
  0.00
  0.00
  0.00
  0.00
  0.00
  0.00
  0.00
  0.00
6782945736.43
13443343992.25
-38548565891.47
-6782945736.43
-13443343992.25
  0.00
 -0.00
-53773416666.67
 -0.00
 -0.00
53773416666.67
  0.00
-6782945736.43
13443343992.25
38548565891.47
6782945736.43
-13443343992.25
  0.00
  0.00
  0.00
  0.00
  0.00
  0.00
  0.00
  0.00
  0.00
  0.00
  0.00
  0.00
  0.00
  0.00
  0.00
  0.00
  0.00
  0.00
  0.00
  0.00
  0.00
  0.00
  0.00
  0.00
  0.00
  0.00
  0.00
  0.00
  0.00
  0.00
  0.00
  0.00
  0.00
  0.00
  0.00
  0.00
  0.00
  0.00
  0.00
  0.00
  0.00
  0.00
  0.00
  0.00
  0.00
  0.00
  0.00
  0.00
  0.00
  0.00
  0.00
  0.00
  0.00
  0.00
-15000638704.41
-18650943115.63
-26300378875.71
-15000638704.41
-18650943115.63
-26300378875.71
-27122860429.26
-64878791147.92
-95476748802.27
-27122860429.26
-64878791147.92
-95476748802.27
-15000638704.41
-18650943115.63
-26300378875.71
-15000638704.41
-18650943115.63
-26300378875.71
  0.00
  0.00
  0.00
  0.00
  0.00
  0.00
  0.00
  0.00
  0.00
  0.00
  0.00
  0.00
  0.00
  0.00
  0.00
  0.00
  0.00
  0.00
  0.00
  0.00
  0.00
  0.00
  0.00
  0.00
  0.00
  0.00
  0.00
  0.00
  0.00
  0.00
  0.00
  0.00
  0.00
  0.00
  0.00
  0.00
  0.00
  0.00
  0.00
  0.00
  0.00
  0.00
  0.00
  0.00
  0.00
  0.00
  0.00
  0.00
  0.00
  0.00
  0.00
  0.00
  0.00
  0.00
6782945736.43
13443343992.25
-19274282945.74
-6782945736.43
-13443343992.25
  0.00
 -0.00
-53773416666.67
 -0.00
 -0.00
53773416666.67
  0.00
-6782945736.43
13443343992.25
19274282945.74
6782945736.43
-13443343992.25
  0.00
  0.00
  0.00
  0.00
  0.00
  0.00
  0.00
  0.00
  0.00
  0.00
  0.00
  0.00
  0.00
  0.00
  0.00
  0.00
  0.00
  0.00
  0.00
  0.00
  0.00
  0.00
  0.00
  0.00
  0.00
  0.00
  0.00
  0.00
  0.00
  0.00
  0.00
  0.00
  0.00
  0.00
  0.00
  0.00
  0.00
  0.00
  0.00
  0.00
  0.00
  0.00
  0.00
  0.00
  0.00
  0.00
  0.00
  0.00
  0.00
  0.00
  0.00
  0.00
  0.00
  0.00
  0.00
-9637141472.87
 -0.00
 -0.00
-9637141472.87
 -0.00
53773416666.67
 -0.00
  0.00
  0.00
 -0.00
 -0.00
-53773416666.67
9637141472.87
  0.00
 -0.00
9637141472.87
  0.00
  0.00
  0.00
  0.00
  0.00
  0.00
  0.00
  0.00
  0.00
  0.00
  0.00
  0.00
  0.00
  0.00
  0.00
  0.00
  0.00
  0.00
  0.00
  0.00
  0.00
  0.00
  0.00
  0.00
  0.00
  0.00
  0.00
  0.00
  0.00
  0.00
  0.00
  0.00
  0.00
  0.00
  0.00
  0.00
  0.00
  0.00
  0.00
  0.00
  0.00
  0.00
  0.00
  0.00
  0.00
  0.00
  0.00
  0.00
  0.00
  0.00
  0.00
  0.00
  0.00
  0.00
  0.00
  0.00
-20539397755.78
-5311721690.02
-43138878098.38
-27122856436.02
-64878834282.19
-95476600480.01
-16398253516.93
-1797097474.25
-153106030262.95
-27122856436.02
-64878834282.19
-95476600480.01
-20539397755.78
-5311721690.02
-43138878098.38
  0.00
  0.00
  0.00
  0.00
  0.00
  0.00
  0.00
  0.00
  0.00
  0.00
  0.00
  0.00
  0.00
  0.00
  0.00
  0.00
  0.00
  0.00
  0.00
  0.00
  0.00
  0.00
  0.00
  0.00
  0.00
  0.00
  0.00
  0.00
  0.00
  0.00
  0.00
  0.00
  0.00
  0.00
  0.00
  0.00
  0.00
  0.00
  0.00
  0.00
  0.00
  0.00
  0.00
  0.00
  0.00
  0.00
  0.00
  0.00
  0.00
  0.00
  0.00
  0.00
  0.00
  0.00
  0.00
  0.00
  0.00
 -0.00
 -0.00
  0.00
 -0.00
53773416666.67
  0.00
  0.00
  0.00
  0.00
 -0.00
-53773416666.67
  0.00
  0.00
 -0.00
  0.00
  0.00
  0.00
  0.00
  0.00
  0.00
  0.00
  0.00
  0.00
  0.00
  0.00
  0.00
  0.00
  0.00
  0.00
  0.00
  0.00
  0.00
  0.00
  0.00
  0.00
  0.00
  0.00
  0.00
  0.00
  0.00
  0.00
  0.00
  0.00
  0.00
  0.00
  0.00
  0.00
  0.00
  0.00
  0.00
  0.00
  0.00
  0.00
  0.00
  0.00
  0.00
  0.00
  0.00
  0.00
  0.00
  0.00
  0.00
  0.00
  0.00
  0.00
  0.00
  0.00
  0.00
  0.00
  0.00
  0.00
  0.00
-19274282945.74
  0.00
  0.00
  0.00
  0.00
  0.00
 -0.00
  0.00
  0.00
  0.00
  0.00
  0.00
19274282945.74
  0.00
  0.00
  0.00
  0.00
  0.00
  0.00
  0.00
  0.00
  0.00
  0.00
  0.00
  0.00
  0.00
  0.00
  0.00
  0.00
  0.00
  0.00
  0.00
  0.00
  0.00
  0.00
  0.00
  0.00
  0.00
  0.00
  0.00
  0.00
  0.00
  0.00
  0.00
  0.00
  0.00
  0.00
  0.00
  0.00
  0.00
  0.00
  0.00
  0.00
  0.00
  0.00
  0.00
  0.00
  0.00
  0.00
  0.00
  0.00
  0.00
  0.00
  0.00
  0.00
  0.00
  0.00
  0.00
  0.00
  0.00
  0.00
  0.00
  0.00
  0.00
  0.00
  0.00
  0.00
  0.00
  0.00
  0.00
  0.00
  0.00
  0.00
  0.00
  0.00
  0.00
  0.00
  0.00
  0.00
  0.00
  0.00
  0.00
  0.00
  0.00
  0.00
  0.00
  0.00
  0.00
  0.00
  0.00
  0.00
  0.00
  0.00
  0.00
  0.00
  0.00
  0.00
  0.00
  0.00
  0.00
  0.00
  0.00
  0.00
  0.00
  0.00
  0.00
  0.00
  0.00
  0.00
  0.00
  0.00
  0.00
  0.00
  0.00
  0.00
  0.00
  0.00
  0.00
  0.00
  0.00
  0.00
  0.00
  0.00
  0.00
  0.00
  0.00
  0.00
  0.00
  0.00
  0.00
  0.00
  0.00
  0.00
-38548606589.15
  0.00
  0.00
  0.00
  0.00
  0.00
 -0.00
  0.00
  0.00
  0.00
  0.00
  0.00
38548606589.15
  0.00
  0.00
  0.00
  0.00
  0.00
  0.00
  0.00
  0.00
  0.00
  0.00
  0.00
  0.00
  0.00
  0.00
  0.00
  0.00
  0.00
  0.00
  0.00
  0.00
  0.00
  0.00
  0.00
  0.00
  0.00
  0.00
  0.00
  0.00
  0.00
  0.00
  0.00
  0.00
  0.00
  0.00
  0.00
  0.00
  0.00
  0.00
  0.00
  0.00
  0.00
  0.00
  0.00
  0.00
  0.00
  0.00
  0.00
  0.00
  0.00
  0.00
  0.00
  0.00
  0.00
  0.00
  0.00
  0.00
  0.00
  0.00
 -0.00
 -0.00
  0.00
  0.00
  0.00
  0.00
 -0.00
  0.00
  0.00
  0.00
  0.00
  0.00
  0.00
 -0.00
  0.00
  0.00
  0.00
  0.00
  0.00
  0.00
  0.00
  0.00
  0.00
  0.00
  0.00
  0.00
  0.00
  0.00
  0.00
  0.00
  0.00
  0.00
  0.00
  0.00
  0.00
  0.00
  0.00
  0.00
  0.00
  0.00
  0.00
  0.00
  0.00
  0.00
  0.00
  0.00
  0.00
  0.00
  0.00
  0.00
  0.00
  0.00
  0.00
  0.00
  0.00
  0.00
  0.00
  0.00
  0.00
  0.00
  0.00
  0.00
  0.00
  0.00
  0.00
  0.00
  0.00
  0.00
  0.00
  0.00
  0.00
-41078848020.73
-10623496080.44
-86277971572.97
  0.00
  0.00
  0.00
-32796331230.94
-3593827108.11
-306211307406.90
  0.00
  0.00
  0.00
-41078848020.73
-10623496080.44
-86277971572.97
  0.00
  0.00
  0.00
  0.00
  0.00
  0.00
  0.00
  0.00
  0.00
  0.00
  0.00
  0.00
  0.00
  0.00
  0.00
  0.00
  0.00
  0.00
  0.00
  0.00
  0.00
  0.00
  0.00
  0.00
  0.00
  0.00
  0.00
  0.00
  0.00
  0.00
  0.00
  0.00
  0.00
  0.00
  0.00
  0.00
  0.00
  0.00
  0.00
  0.00
  0.00
  0.00
  0.00
  0.00
  0.00
  0.00
  0.00
  0.00
  0.00
  0.00
  0.00
  0.00
  0.00
  0.00
  0.00
  0.00
-9637161821.71
 -0.00
 -0.00
-9637161821.71
  0.00
  0.00
 -0.00
 -0.00
  0.00
 -0.00
  0.00
  0.00
9637161821.71
  0.00
 -0.00
9637161821.71
  0.00
  0.00
  0.00
  0.00
  0.00
  0.00
  0.00
  0.00
  0.00
  0.00
  0.00
  0.00
  0.00
  0.00
  0.00
  0.00
  0.00
  0.00
  0.00
  0.00
  0.00
  0.00
  0.00
  0.00
  0.00
  0.00
  0.00
  0.00
  0.00
  0.00
  0.00
  0.00
  0.00
  0.00
  0.00
  0.00
  0.00
  0.00
  0.00
  0.00
  0.00
  0.00
  0.00
  0.00
  0.00
  0.00
  0.00
  0.00
  0.00
  0.00
  0.00
  0.00
  0.00
  0.00
  0.00
-6782945736.43
-13443364341.09
-38548606589.15
6782945736.43
13443364341.09
  0.00
 -0.00
53773416666.67
 -0.00
  0.00
-53773416666.67
  0.00
6782945736.43
-13443364341.09
38548606589.15
-6782945736.43
13443364341.09
  0.00
  0.00
  0.00
  0.00
  0.00
  0.00
  0.00
  0.00
  0.00
  0.00
  0.00
  0.00
  0.00
  0.00
  0.00
  0.00
  0.00
  0.00
  0.00
  0.00
  0.00
  0.00
  0.00
  0.00
  0.00
  0.00
  0.00
  0.00
  0.00
  0.00
  0.00
  0.00
  0.00
  0.00
  0.00
  0.00
  0.00
  0.00
  0.00
  0.00
  0.00
  0.00
  0.00
  0.00
  0.00
  0.00
  0.00
  0.00
  0.00
  0.00
  0.00
  0.00
  0.00
  0.00
-15000663175.46
-18650960790.26
-26300455993.26
-15000663175.46
-18650960790.26
-26300455993.26
-27122856436.02
-64878834282.19
-95476600480.01
-27122856436.02
-64878834282.19
-95476600480.01
-15000663175.46
-18650960790.26
-26300455993.26
-15000663175.46
-18650960790.26
-26300455993.26
  0.00
  0.00
  0.00
  0.00
  0.00
  0.00
  0.00
  0.00
  0.00
  0.00
  0.00
  0.00
  0.00
  0.00
  0.00
  0.00
  0.00
  0.00
  0.00
  0.00
  0.00
  0.00
  0.00
  0.00
  0.00
  0.00
  0.00
  0.00
  0.00
  0.00
  0.00
  0.00
  0.00
  0.00
  0.00
  0.00
  0.00
  0.00
  0.00
  0.00
  0.00
  0.00
  0.00
  0.00
  0.00
  0.00
  0.00
  0.00
  0.00
  0.00
  0.00
  0.00
  0.00
-9637141472.87
-6782945736.43
-13443364341.09
-19274323643.41
6782945736.43
13443364341.09
-9637141472.87
 -0.00
53773416666.67
  0.00
  0.00
-53773416666.67
9637141472.87
6782945736.43
-13443364341.09
19274323643.41
-6782945736.43
13443364341.09
9637141472.87
  0.00
  0.00
  0.00
  0.00
  0.00
  0.00
  0.00
  0.00
  0.00
  0.00
  0.00
  0.00
  0.00
  0.00
  0.00
  0.00
  0.00
  0.00
  0.00
  0.00
  0.00
  0.00
  0.00
  0.00
  0.00
  0.00
  0.00
  0.00
  0.00
  0.00
  0.00
  0.00
  0.00
  0.00
  0.00
  0.00
  0.00
  0.00
  0.00
  0.00
  0.00
  0.00
  0.00
  0.00
  0.00
  0.00
  0.00
  0.00
  0.00
  0.00
  0.00
  0.00
6782945736.43
13443364341.09
-9637161821.71
  0.00
  0.00
-9637161821.71
-6782945736.43
-13443364341.09
 -0.00
 -0.00
 -0.00
 -0.00
-6782945736.43
13443364341.09
9637161821.71
 -0.00
  0.00
9637161821.71
6782945736.43
-13443364341.09
  0.00
  0.00
  0.00
  0.00
  0.00
  0.00
  0.00
  0.00
  0.00
  0.00
  0.00
  0.00
  0.00
  0.00
  0.00
  0.00
  0.00
  0.00
  0.00
  0.00
  0.00
  0.00
  0.00
  0.00
  0.00
  0.00
  0.00
  0.00
  0.00
  0.00
  0.00
  0.00
  0.00
  0.00
  0.00
  0.00
  0.00
  0.00
  0.00
  0.00
  0.00
  0.00
  0.00
  0.00
  0.00
  0.00
  0.00
  0.00
  0.00
  0.00
  0.00
-15000644820.77
-18650966440.26
-26300413779.09
-20539452354.44
-5311776163.84
-43139037990.04
-15000644820.77
-18650966440.26
-26300413779.09
-16398165615.47
-1796913554.05
-153105653703.45
-15000644820.77
-18650966440.26
-26300413779.09
-20539452354.44
-5311776163.84
-43139037990.04
-15000644820.77
-18650966440.26
-26300413779.09
  0.00
  0.00
  0.00
  0.00
  0.00
  0.00
  0.00
  0.00
  0.00
  0.00
  0.00
  0.00
  0.00
  0.00
  0.00
  0.00
  0.00
  0.00
  0.00
  0.00
  0.00
  0.00
  0.00
  0.00
  0.00
  0.00
  0.00
  0.00
  0.00
  0.00
  0.00
  0.00
  0.00
  0.00
  0.00
  0.00
  0.00
  0.00
  0.00
  0.00
  0.00
  0.00
  0.00
  0.00
  0.00
  0.00
  0.00
  0.00
  0.00
  0.00
  0.00
6782945736.43
13443364341.09
  0.00
  0.00
  0.00
  0.00
-6782945736.43
-13443364341.09
  0.00
 -0.00
 -0.00
  0.00
-6782945736.43
13443364341.09
  0.00
 -0.00
  0.00
  0.00
6782945736.43
-13443364341.09
  0.00
  0.00
  0.00
  0.00
  0.00
  0.00
  0.00
  0.00
  0.00
  0.00
  0.00
  0.00
  0.00
  0.00
  0.00
  0.00
  0.00
  0.00
  0.00
  0.00
  0.00
  0.00
  0.00
  0.00
  0.00
  0.00
  0.00
  0.00
  0.00
  0.00
  0.00
  0.00
  0.00
  0.00
  0.00
  0.00
  0.00
  0.00
  0.00
  0.00
  0.00
  0.00
  0.00
  0.00
  0.00
  0.00
  0.00
  0.00
  0.00
  0.00
  0.00
  0.00
-9637141472.87
  0.00
  0.00
-19274323643.41
  0.00
  0.00
-9637141472.87
  0.00
  0.00
  0.00
  0.00
  0.00
9637141472.87
  0.00
  0.00
19274323643.41
  0.00
  0.00
9637141472.87
  0.00
  0.00
  0.00
  0.00
  0.00
  0.00
  0.00
  0.00
  0.00
  0.00
  0.00
  0.00
  0.00
  0.00
  0.00
  0.00
  0.00
  0.00
  0.00
  0.00
  0.00
  0.00
  0.00
  0.00
  0.00
  0.00
  0.00
  0.00
  0.00
  0.00
  0.00
  0.00
  0.00
  0.00
  0.00
  0.00
  0.00
  0.00
  0.00
  0.00
  0.00
  0.00
  0.00
  0.00
  0.00
  0.00
  0.00
  0.00
  0.00
  0.00
  0.00
  0.00
  0.00
  0.00
  0.00
  0.00
  0.00
  0.00
  0.00
  0.00
  0.00
  0.00
  0.00
  0.00
  0.00
  0.00
  0.00
  0.00
  0.00
  0.00
  0.00
  0.00
  0.00
  0.00
  0.00
  0.00
  0.00
  0.00
  0.00
  0.00
  0.00
  0.00
  0.00
  0.00
  0.00
  0.00
  0.00
  0.00
  0.00
  0.00
  0.00
  0.00
  0.00
  0.00
  0.00
  0.00
  0.00
  0.00
  0.00
  0.00
  0.00
  0.00
  0.00
  0.00
  0.00
  0.00
  0.00
  0.00
  0.00
  0.00
  0.00
  0.00
  0.00
  0.00
  0.00
  0.00
  0.00
  0.00
  0.00
  0.00
  0.00
  0.00
  0.00
  0.00
  0.00
  0.00
  0.00
-38548565891.47
  0.00
  0.00
  0.00
  0.00
  0.00
 -0.00
  0.00
  0.00
  0.00
  0.00
  0.00
38548565891.47
  0.00
  0.00
  0.00
  0.00
  0.00
  0.00
  0.00
  0.00
  0.00
  0.00
  0.00
  0.00
  0.00
  0.00
  0.00
  0.00
  0.00
  0.00
  0.00
  0.00
  0.00
  0.00
  0.00
  0.00
  0.00
  0.00
  0.00
  0.00
  0.00
  0.00
  0.00
  0.00
  0.00
  0.00
  0.00
  0.00
  0.00
  0.00
  0.00
  0.00
  0.00
  0.00
  0.00
  0.00
  0.00
  0.00
  0.00
  0.00
  0.00
  0.00
  0.00
  0.00
  0.00
  0.00
  0.00
  0.00
  0.00
  0.00
  0.00
  0.00
  0.00
  0.00
  0.00
  0.00
 -0.00
  0.00
  0.00
  0.00
  0.00
  0.00
 -0.00
  0.00
  0.00
  0.00
  0.00
  0.00
  0.00
  0.00
  0.00
  0.00
  0.00
  0.00
  0.00
  0.00
  0.00
  0.00
  0.00
  0.00
  0.00
  0.00
  0.00
  0.00
  0.00
  0.00
  0.00
  0.00
  0.00
  0.00
  0.00
  0.00
  0.00
  0.00
  0.00
  0.00
  0.00
  0.00
  0.00
  0.00
  0.00
  0.00
  0.00
  0.00
  0.00
  0.00
  0.00
  0.00
  0.00
  0.00
  0.00
  0.00
  0.00
  0.00
  0.00
  0.00
  0.00
  0.00
  0.00
  0.00
  0.00
-41078791332.59
-10623439833.20
-86277867165.87
  0.00
  0.00
  0.00
-16398255156.41
-1797016687.83
-153105967672.90
  0.00
  0.00
  0.00
-41078791332.59
-10623439833.20
-86277867165.87
  0.00
  0.00
  0.00
  0.00
  0.00
  0.00
  0.00
  0.00
  0.00
  0.00
  0.00
  0.00
  0.00
  0.00
  0.00
  0.00
  0.00
  0.00
  0.00
  0.00
  0.00
  0.00
  0.00
  0.00
  0.00
  0.00
  0.00
  0.00
  0.00
  0.00
  0.00
  0.00
  0.00
  0.00
  0.00
  0.00
  0.00
  0.00
  0.00
  0.00
  0.00
  0.00
  0.00
  0.00
  0.00
  0.00
  0.00
  0.00
  0.00
  0.00
  0.00
  0.00
  0.00
  0.00
  0.00
  0.00
-9637141472.87
  0.00
  0.00
-9637141472.87
  0.00
  0.00
 -0.00
 -0.00
  0.00
 -0.00
  0.00
  0.00
9637141472.87
 -0.00
  0.00
9637141472.87
  0.00
  0.00
  0.00
  0.00
  0.00
  0.00
  0.00
  0.00
  0.00
  0.00
  0.00
  0.00
  0.00
  0.00
  0.00
  0.00
  0.00
  0.00
  0.00
  0.00
  0.00
  0.00
  0.00
  0.00
  0.00
  0.00
  0.00
  0.00
  0.00
  0.00
  0.00
  0.00
  0.00
  0.00
  0.00
  0.00
  0.00
  0.00
  0.00
  0.00
  0.00
  0.00
  0.00
  0.00
  0.00
  0.00
  0.00
  0.00
  0.00
  0.00
  0.00
  0.00
  0.00
  0.00
  0.00
6782945736.43
13443364341.09
-38548565891.47
-6782945736.43
-13443364341.09
  0.00
 -0.00
-26886728682.17
 -0.00
  0.00
26886728682.17
  0.00
-6782945736.43
13443364341.09
38548565891.47
6782945736.43
-13443364341.09
  0.00
  0.00
  0.00
  0.00
  0.00
  0.00
  0.00
  0.00
  0.00
  0.00
  0.00
  0.00
  0.00
  0.00
  0.00
  0.00
  0.00
  0.00
  0.00
  0.00
  0.00
  0.00
  0.00
  0.00
  0.00
  0.00
  0.00
  0.00
  0.00
  0.00
  0.00
  0.00
  0.00
  0.00
  0.00
  0.00
  0.00
  0.00
  0.00
  0.00
  0.00
  0.00
  0.00
  0.00
  0.00
  0.00
  0.00
  0.00
  0.00
  0.00
  0.00
  0.00
  0.00
  0.00
-15000644820.77
-18650966440.26
-26300413779.09
-15000644820.77
-18650966440.26
-26300413779.09
-13561448773.28
-32439422578.68
-47738412984.68
-13561448773.28
-32439422578.68
-47738412984.68
-15000644820.77
-18650966440.26
-26300413779.09
-15000644820.77
-18650966440.26
-26300413779.09
  0.00
  0.00
  0.00
  0.00
  0.00
  0.00
  0.00
  0.00
  0.00
  0.00
  0.00
  0.00
  0.00
  0.00
  0.00
  0.00
  0.00
  0.00
  0.00
  0.00
  0.00
  0.00
  0.00
  0.00
  0.00
  0.00
  0.00
  0.00
  0.00
  0.00
  0.00
  0.00
  0.00
  0.00
  0.00
  0.00
  0.00
  0.00
  0.00
  0.00
  0.00
  0.00
  0.00
  0.00
  0.00
  0.00
  0.00
  0.00
  0.00
  0.00
  0.00
  0.00
  0.00
  0.00
6782945736.43
13443364341.09
-19274282945.74
-6782945736.43
-13443364341.09
 -0.00
 -0.00
-26886728682.17
 -0.00
  0.00
26886728682.17
 -0.00
-6782945736.43
13443364341.09
19274282945.74
6782945736.43
-13443364341.09
  0.00
  0.00
  0.00
  0.00
  0.00
  0.00
  0.00
  0.00
  0.00
  0.00
  0.00
  0.00
  0.00
  0.00
  0.00
  0.00
  0.00
  0.00
  0.00
  0.00
  0.00
  0.00
  0.00
  0.00
  0.00
  0.00
  0.00
  0.00
  0.00
  0.00
  0.00
  0.00
  0.00
  0.00
  0.00
  0.00
  0.00
  0.00
  0.00
  0.00
  0.00
  0.00
  0.00
  0.00
  0.00
  0.00
  0.00
  0.00
  0.00
  0.00
  0.00
  0.00
  0.00
  0.00
  0.00
-9637141472.87
 -0.00
 -0.00
-9637141472.87
 -0.00
26886728682.17
 -0.00
6782945736.43
 -0.00
 -0.00
 -0.00
-26886728682.17
9637141472.87
  0.00
 -0.00
9637141472.87
  0.00
  0.00
  0.00
  0.00
  0.00
  0.00
  0.00
  0.00
  0.00
  0.00
  0.00
  0.00
  0.00
  0.00
  0.00
  0.00
  0.00
  0.00
  0.00
  0.00
  0.00
  0.00
  0.00
  0.00
  0.00
  0.00
  0.00
  0.00
  0.00
  0.00
  0.00
  0.00
  0.00
  0.00
  0.00
  0.00
  0.00
  0.00
  0.00
  0.00
  0.00
  0.00
  0.00
  0.00
  0.00
  0.00
  0.00
  0.00
  0.00
  0.00
  0.00
  0.00
  0.00
  0.00
  0.00
  0.00
-20539395666.29
-5311719916.60
-43138933582.94
-13561446776.65
-32439444145.83
-47738338823.49
-8199149553.60
-898554324.01
-76553077976.40
-13561446776.65
-32439444145.83
-47738338823.49
-20539395666.29
-5311719916.60
-43138933582.94
  0.00
  0.00
  0.00
  0.00
  0.00
  0.00
  0.00
  0.00
  0.00
  0.00
  0.00
  0.00
  0.00
  0.00
  0.00
  0.00
  0.00
  0.00
  0.00
  0.00
  0.00
  0.00
  0.00
  0.00
  0.00
  0.00
  0.00
  0.00
  0.00
  0.00
  0.00
  0.00
  0.00
  0.00
  0.00
  0.00
  0.00
  0.00
  0.00
  0.00
  0.00
  0.00
  0.00
  0.00
  0.00
  0.00
  0.00
  0.00
  0.00
  0.00
  0.00
  0.00
  0.00
  0.00
  0.00
  0.00
  0.00
 -0.00
 -0.00
  0.00
 -0.00
26886728682.17
  0.00
6782945736.43
 -0.00
  0.00
 -0.00
-26886728682.17
  0.00
  0.00
 -0.00
  0.00
  0.00
  0.00
  0.00
  0.00
  0.00
  0.00
  0.00
  0.00
  0.00
  0.00
  0.00
  0.00
  0.00
  0.00
  0.00
  0.00
  0.00
  0.00
  0.00
  0.00
  0.00
  0.00
  0.00
  0.00
  0.00
  0.00
  0.00
  0.00
  0.00
  0.00
  0.00
  0.00
  0.00
  0.00
  0.00
  0.00
  0.00
  0.00
  0.00
  0.00
  0.00
  0.00
  0.00
  0.00
  0.00
  0.00
  0.00
  0.00
  0.00
  0.00
  0.00
  0.00
  0.00
  0.00
  0.00
  0.00
  0.00
-19274282945.74
  0.00
  0.00
 -0.00
  0.00
  0.00
 -0.00
  0.00
  0.00
 -0.00
  0.00
  0.00
19274282945.74
  0.00
  0.00
  0.00
  0.00
  0.00
  0.00
  0.00
  0.00
  0.00
  0.00
  0.00
  0.00
  0.00
  0.00
  0.00
  0.00
  0.00
  0.00
  0.00
  0.00
  0.00
  0.00
  0.00
  0.00
  0.00
  0.00
  0.00
  0.00
  0.00
  0.00
  0.00
  0.00
  0.00
  0.00
  0.00
  0.00
  0.00
  0.00
  0.00
  0.00
  0.00
  0.00
  0.00
  0.00
  0.00
  0.00
  0.00
  0.00
  0.00
  0.00
  0.00
  0.00
  0.00
  0.00
  0.00
  0.00
  0.00
  0.00
  0.00
  0.00
  0.00
  0.00
  0.00
  0.00
  0.00
  0.00
  0.00
  0.00
  0.00
  0.00
  0.00
  0.00
  0.00
  0.00
  0.00
  0.00
  0.00
  0.00
  0.00
  0.00
  0.00
  0.00
  0.00
  0.00
  0.00
  0.00
  0.00
  0.00
  0.00
  0.00
  0.00
  0.00
  0.00
  0.00
  0.00
  0.00
  0.00
  0.00
  0.00
  0.00
  0.00
  0.00
  0.00
  0.00
  0.00
  0.00
  0.00
  0.00
  0.00
  0.00
  0.00
  0.00
  0.00
  0.00
  0.00
  0.00
  0.00
  0.00
  0.00
  0.00
  0.00
  0.00
  0.00
  0.00
  0.00
  0.00
  0.00
  0.00
  0.00
  0.00
  0.00
  0.00
  0.00
  0.00
  0.00
  0.00
 -0.00
  0.00
  0.00
  0.00
  0.00
  0.00
  0.00
  0.00
  0.00
  0.00
  0.00
  0.00
  0.00
  0.00
  0.00
  0.00
  0.00
  0.00
  0.00
  0.00
  0.00
  0.00
  0.00
  0.00
  0.00
  0.00
  0.00
  0.00
  0.00
  0.00
  0.00
  0.00
  0.00
  0.00
  0.00
  0.00
  0.00
  0.00
  0.00
  0.00
  0.00
  0.00
  0.00
  0.00
  0.00
  0.00
  0.00
  0.00
  0.00
  0.00
  0.00
  0.00
  0.00
  0.00
  0.00
  0.00
  0.00
  0.00
  0.00
  0.00
  0.00
  0.00
  0.00
  0.00
  0.00
  0.00
  0.00
  0.00
  0.00
  0.00
  0.00
  0.00
 -0.00
  0.00
  0.00
  0.00
  0.00
  0.00
  0.00
  0.00
  0.00
  0.00
  0.00
  0.00
  0.00
  0.00
  0.00
  0.00
  0.00
  0.00
  0.00
  0.00
  0.00
  0.00
  0.00
  0.00
  0.00
  0.00
  0.00
  0.00
  0.00
  0.00
  0.00
  0.00
  0.00
  0.00
  0.00
  0.00
  0.00
  0.00
  0.00
  0.00
  0.00
  0.00
  0.00
  0.00
  0.00
  0.00
  0.00
  0.00
  0.00
  0.00
  0.00
  0.00
  0.00
  0.00
  0.00
  0.00
  0.00
  0.00
  0.00
  0.00
  0.00
  0.00
  0.00
  0.00
  0.00
  0.00
  0.00
  0.00
  0.00
  0.00
-16398211205.61
-1796924727.65
-153105779393.00
  0.00
  0.00
  0.00
  0.00
  0.00
  0.00
  0.00
  0.00
  0.00
  0.00
  0.00
  0.00
  0.00
  0.00
  0.00
  0.00
  0.00
  0.00
  0.00
  0.00
  0.00
  0.00
  0.00
  0.00
  0.00
  0.00
  0.00
  0.00
  0.00
  0.00
  0.00
  0.00
  0.00
  0.00
  0.00
  0.00
  0.00
  0.00
  0.00
  0.00
  0.00
  0.00
  0.00
  0.00
  0.00
  0.00
  0.00
  0.00
  0.00
  0.00
  0.00
  0.00
  0.00
  0.00
  0.00
  0.00
  0.00
  0.00
  0.00
  0.00
  0.00
  0.00
  0.00
  0.00
  0.00
  0.00
  0.00
  0.00
 -0.00
  0.00
 -0.00
 -0.00
  0.00
  0.00
  0.00
  0.00
  0.00
  0.00
  0.00
  0.00
  0.00
  0.00
  0.00
  0.00
  0.00
  0.00
  0.00
  0.00
  0.00
  0.00
  0.00
  0.00
  0.00
  0.00
  0.00
  0.00
  0.00
  0.00
  0.00
  0.00
  0.00
  0.00
  0.00
  0.00
  0.00
  0.00
  0.00
  0.00
  0.00
  0.00
  0.00
  0.00
  0.00
  0.00
  0.00
  0.00
  0.00
  0.00
  0.00
  0.00
  0.00
  0.00
  0.00
  0.00
  0.00
  0.00
  0.00
  0.00
  0.00
  0.00
  0.00
  0.00
  0.00
  0.00
  0.00
  0.00
  0.00
  0.00
  0.00
  0.00
26886728682.17
 -0.00
 -0.00
-26886728682.17
  0.00
  0.00
  0.00
  0.00
  0.00
  0.00
  0.00
  0.00
  0.00
  0.00
  0.00
  0.00
  0.00
  0.00
  0.00
  0.00
  0.00
  0.00
  0.00
  0.00
  0.00
  0.00
  0.00
  0.00
  0.00
  0.00
  0.00
  0.00
  0.00
  0.00
  0.00
  0.00
  0.00
  0.00
  0.00
  0.00
  0.00
  0.00
  0.00
  0.00
  0.00
  0.00
  0.00
  0.00
  0.00
  0.00
  0.00
  0.00
  0.00
  0.00
  0.00
  0.00
  0.00
  0.00
  0.00
  0.00
  0.00
  0.00
  0.00
  0.00
  0.00
  0.00
  0.00
  0.00
  0.00
  0.00
-13561446776.65
-32439444145.83
-47738338823.49
-13561446776.65
-32439444145.83
-47738338823.49
  0.00
  0.00
  0.00
  0.00
  0.00
  0.00
  0.00
  0.00
  0.00
  0.00
  0.00
  0.00
  0.00
  0.00
  0.00
  0.00
  0.00
  0.00
  0.00
  0.00
  0.00
  0.00
  0.00
  0.00
  0.00
  0.00
  0.00
  0.00
  0.00
  0.00
  0.00
  0.00
  0.00
  0.00
  0.00
  0.00
  0.00
  0.00
  0.00
  0.00
  0.00
  0.00
  0.00
  0.00
  0.00
  0.00
  0.00
  0.00
  0.00
  0.00
  0.00
  0.00
  0.00
  0.00
  0.00
  0.00
  0.00
  0.00
  0.00
  0.00
  0.00
  0.00
  0.00
  0.00
  0.00
  0.00
  0.00
26886728682.17
 -0.00
 -0.00
-26886728682.17
  0.00
  0.00
  0.00
  0.00
  0.00
  0.00
  0.00
  0.00
  0.00
  0.00
  0.00
  0.00
  0.00
  0.00
  0.00
  0.00
  0.00
  0.00
  0.00
  0.00
  0.00
  0.00
  0.00
  0.00
  0.00
  0.00
  0.00
  0.00
  0.00
  0.00
  0.00
  0.00
  0.00
  0.00
  0.00
  0.00
  0.00
  0.00
  0.00
  0.00
  0.00
  0.00
  0.00
  0.00
  0.00
  0.00
  0.00
  0.00
  0.00
  0.00
  0.00
  0.00
  0.00
  0.00
  0.00
  0.00
  0.00
  0.00
  0.00
  0.00
  0.00
  0.00
  0.00
  0.00
  0.00
  0.00
  0.00
 -0.00
-6782945736.43
  0.00
 -0.00
  0.00
  0.00
  0.00
  0.00
  0.00
  0.00
  0.00
  0.00
  0.00
  0.00
  0.00
  0.00
  0.00
  0.00
  0.00
  0.00
  0.00
  0.00
  0.00
  0.00
  0.00
  0.00
  0.00
  0.00
  0.00
  0.00
  0.00
  0.00
  0.00
  0.00
  0.00
  0.00
  0.00
  0.00
  0.00
  0.00
  0.00
  0.00
  0.00
  0.00
  0.00
  0.00
  0.00
  0.00
  0.00
  0.00
  0.00
  0.00
  0.00
  0.00
  0.00
  0.00
  0.00
  0.00
  0.00
  0.00
  0.00
  0.00
  0.00
  0.00
  0.00
  0.00
  0.00
  0.00
  0.00
  0.00
  0.00
  0.00
-8199105602.81
-898462363.83
-76552889696.50
  0.00
  0.00
  0.00
  0.00
  0.00
  0.00
  0.00
  0.00
  0.00
  0.00
  0.00
  0.00
  0.00
  0.00
  0.00
  0.00
  0.00
  0.00
  0.00
  0.00
  0.00
  0.00
  0.00
  0.00
  0.00
  0.00
  0.00
  0.00
  0.00
  0.00
  0.00
  0.00
  0.00
  0.00
  0.00
  0.00
  0.00
  0.00
  0.00
  0.00
  0.00
  0.00
  0.00
  0.00
  0.00
  0.00
  0.00
  0.00
  0.00
  0.00
  0.00
  0.00
  0.00
  0.00
  0.00
  0.00
  0.00
  0.00
  0.00
  0.00
  0.00
  0.00
  0.00
  0.00
  0.00
  0.00
  0.00
  0.00
  0.00
-6782945736.43
  0.00
  0.00
  0.00
  0.00
  0.00
  0.00
  0.00
  0.00
  0.00
  0.00
  0.00
  0.00
  0.00
  0.00
  0.00
  0.00
  0.00
  0.00
  0.00
  0.00
  0.00
  0.00
  0.00
  0.00
  0.00
  0.00
  0.00
  0.00
  0.00
  0.00
  0.00
  0.00
  0.00
  0.00
  0.00
  0.00
  0.00
  0.00
  0.00
  0.00
  0.00
  0.00
  0.00
  0.00
  0.00
  0.00
  0.00
  0.00
  0.00
  0.00
  0.00
  0.00
  0.00
  0.00
  0.00
  0.00
  0.00
  0.00
  0.00
  0.00
  0.00
  0.00
  0.00
  0.00
  0.00
  0.00
  0.00
  0.00
  0.00
  0.00
  0.00
 -0.00
  0.00
  0.00
  0.00
  0.00
  0.00
  0.00
  0.00
  0.00
  0.00
  0.00
  0.00
  0.00
  0.00
  0.00
  0.00
  0.00
  0.00
  0.00
  0.00
  0.00
  0.00
  0.00
  0.00
  0.00
  0.00
  0.00
  0.00
  0.00
  0.00
  0.00
  0.00
  0.00
  0.00
  0.00
  0.00
  0.00
  0.00
  0.00
  0.00
  0.00
  0.00
  0.00
  0.00
  0.00
  0.00
  0.00
  0.00
  0.00
  0.00
  0.00
  0.00
  0.00
  0.00
  0.00
  0.00
  0.00
  0.00
  0.00
  0.00
  0.00
  0.00
  0.00
  0.00
  0.00
  0.00
  0.00
  0.00
  0.00
  0.00
  0.00
  0.00
